105.10058723299719 465.16930271648073 318.24280069740377 515.9464707628679 378.6591398145959 
498.8095804965676 72.99294098330432 187.3655192718799 314.26252708999624 431.03755759190074 
48.455198070620334 348.6660704222435 554.316514404714 562.5304232935028 321.55798717518127 
254.40194283924092 152.66773597936708 294.57424700735294 362.21923542702194 432.9027535673279 
345.03433695707724 347.72139192912016 350.76790503507414 24.090304044696236 437.441840793911 
277.16436841794615 80.16776999164053 449.55823420493516 383.7582430652865 193.4196660199384 
489.13721157870094 398.5085607699643 173.42192372439467 146.91544507368803 422.25865712212595 
263.1388432033373 100.45621348267072 385.0767564885768 563.1717178284887 107.07395548630717 
134.86431810707418 440.502067810173 236.94335063721283 600.4358629689287 367.49832454550454 
558.8248669814957 527.7091669779711 305.14540481032986 449.4961223152131 124.85408168130978 
307.67942347244457 244.0497807737682 297.3799953579757 495.58699177091705 123.60350007562664 
437.4694254958714 284.91045404633593 598.6885649555846 236.78671809051153 240.7581165171727 
492.7892726510539 205.03075461127574 262.75298615662007 66.46999472299218 537.3054226534769 
133.8856228276019 206.64734569327268 424.727204900976 449.01758558102097 199.36606454612098 
440.4719798939824 365.38209881489746 222.5669938640076 56.70778573852931 118.24937777326876 
555.5675073353561 608.7144845577211 456.9864143218845 275.2065884011788 176.22900167523593 
69.69539372852508 168.8633207594844 607.0742344750744 371.23285143623656 368.98599306362036 
175.95405833697723 75.59392085063183 132.64332682308788 416.5754407201073 508.4131475838253 
236.3279888135595 55.7633164823143 140.83672892586497 417.3288063756603 134.8652025401481 
147.53179656345202 308.09055117407803 150.52161393820336 567.5162246508428 221.8719302346041 
560.9558173930831 338.34064323306626 252.59258800435845 165.58380263681565 496.5804761828125 
548.0509650094862 208.3628194708507 508.3750653597895 355.84651108030835 515.4061250575348 
383.779740226397 280.62375023327974 444.64281911941276 511.9995739427788 338.0723166753553 
92.46661145330377 358.29961960004056 456.9884585329505 315.29616253877435 517.8070189090467 
430.2783472013002 531.7839199994968 409.9361779741344 416.8359181917913 176.21058347655134 
206.30132101560957 469.6552698023992 580.6598220372179 54.37993169083495 535.3643367272326 
531.2827236442747 231.62942467833125 413.74042927189925 333.8565512657185 536.1361943934012 
462.9627010423455 50.56538048351483 389.21448096758445 20.770827713842117 51.25612250191894 
544.8203421731017 619.8554470229718 429.2494298157657 425.477873465812 497.35389933320226 
438.134553994385 243.02737254026957 126.03670498970976 539.0001108503186 126.4238884732775 
