439.1799068201639 111.74757013218844 175.02875664515292 83.82560702497743 115.51470661733397 
183.57914957373987 368.88512162029366 236.85744015618147 209.25678360375238 500.1229843252638 
481.33168960071396 459.1343276407195 59.34690124144314 396.1648048940685 43.86733403005038 
218.20431686055957 376.6127542504882 355.4855688430185 315.7168330591679 372.1956693873191 
241.64846317370547 279.3785068447987 57.48251874149639 403.8032684624321 506.28904953475256 
45.968097961104064 53.117373584742325 55.42858567947289 69.38298390605345 362.28422152836305 
413.4228353447595 429.9262651917621 122.56602772546282 36.044578432054706 319.27439399607414 
246.41062404960306 86.7393084411635 419.0984540625815 487.77800707156064 65.57495935220919 
84.95497920887162 399.48500886701555 269.56071160369527 423.9770912038326 422.4124138967164 
444.0591352620687 410.3981943642741 441.74393157631573 169.26810608264347 318.6381674054416 
135.38284392134398 93.1484670893824 66.96247984474107 237.62241181038613 338.8350499355223 
454.51215070185754 103.76657613836986 320.0426176625736 288.16114282929504 368.8858556318426 
230.25195294565637 353.9877385290034 374.8609143401121 91.96254668651915 310.38669221071666 
496.36575786604675 70.88798170570936 108.67466958270465 28.960848020878274 159.95103059919845 
373.56604402589466 434.92964068154157 101.04426257488029 464.67104356679187 147.2641408123253 
343.9362700803812 254.18011792593208 255.085886912767 395.0341065568362 81.57540735298412 
79.01702710603146 311.013357847198 118.41326799991069 260.2679446296146 469.08315555400185 
503.25304473902537 48.59562635862635 245.79318691137746 495.40519508010067 271.36239119079465 
157.17447061283156 476.51083234379325 186.67544659637048 425.43786081713904 479.6597423399804 
279.43969527854114 310.6701951987433 398.8543402125488 409.97308702151 372.6460758469471 
377.62231718039476 203.91599396242182 249.12393838822138 368.39527767788695 211.25147020042166 
467.37153409429527 416.2694924964506 216.51901729619877 58.154809912629545 47.74717370260583 
355.36197398184686 152.45216350433938 331.2614315416025 361.45029047381456 295.586084710156 
339.3916359650558 208.0537069535499 169.59705121879207 148.78993668898752 19.030927364839016 
429.2585108181348 202.51690765530066 452.112422789901 110.32299269425427 268.7116367939398 
123.88730767972632 389.0103681229807 320.72501100310734 270.098371256744 461.45169255838096 
46.888389536203384 459.3778413976384 471.27339511810436 256.2737405726265 194.53463099312432 
266.67344394441426 461.86323829844775 307.4812516483964 487.56561895086116 199.66341134836495 
244.85425251119935 14.452562723852138 135.0832378538379 237.76162502460713 497.86933809802423 
443.3987580005886 185.74692457894596 398.19425221201413 454.8365135062893 370.29477617367326 
